<WEATHER_STATE_BEGIN>
WEATHER_STATE_ID= "Blizzard"
<BEGIN_WEATHER>
	WEATHER_ID= "BLIZZARD"
	WEATHER_TYPE= SNOW
	TEXTURE_ID= 1951
	SOUNDTABLE= WEATHER
	DROPLET_TARGET_DENSITY= 1.000000
	DROPLET_ANGLE= 60.000000
	DROPLET_DIR= 0.500000 -1.000000 0.000000
	SIZE_MIN= 0.400000
	SIZE_MAX= 1.000000
	ROTATION_MIN= 0.000000
	ROTATION_MAX= 180.000000
	SPEED= 40.000000
	PARTICLES_PER_SECOND= 1500
	COLOR= 0.874510 0.874510 0.956863 1.000000
<END_WEATHER>
<BEGIN_WEATHER>
	WEATHER_ID= "MIST"
	WEATHER_TYPE= SNOW
	TEXTURE_ID= 1952
	SOUNDTABLE= WEATHER
	DROPLET_TARGET_DENSITY= 1.000000
	DROPLET_ANGLE= 0.000000
	DROPLET_DIR= 2.000000 -1.000000 0.000000
	SIZE_MIN= 40.000000
	SIZE_MAX= 50.000000
	ROTATION_MIN= 180.000000
	ROTATION_MAX= 270.000000
	SPEED= 50.000000
	PARTICLES_PER_SECOND= 50
	COLOR= 0.949020 0.949020 0.976471 1.000000
<END_WEATHER>
<WEATHER_STATE_END>
