<ENVIRONMENT_STATE_BEGIN>
ENVIRONMENT_STATE_ID= "ChaosAltSky"

<BEGINENVIRONMENT>
SUNTEX= 1
MOONTEX= 2
HALOTEX= 16
WIND= 1
WINDDIRECTION= 0
SUNZENITH= 59.9888
SUNRISE= 6
SUNSET= 20
SINSIZE= 80
MOONZENITH= 30.023
MOONRISE= 18
MOONSET= 8
MOONSIZE= 110
MOONHALOSIZE= 200
<BEGINSKY>
<BEGINLAYER>
TEXTURE= 1220009
DOME= 1220000
COLOR_KEY_FRAME= 0 1 1 1 1
TEXSCALE= 13
DIRECTION= 0
SPEED= 0
BLEND= 0
USEZONEWIND= FALSE
USESKYCOLOR= FALSE
ALPHATEST= TRUE
ALPHAREF= 0.1
ROTATION= 0
<ENDLAYER>
<BEGINLAYER>
TEXTURE= 1220006
DOME= 1220000
COLOR_KEY_FRAME= 6 0.376471 0.513726 0.839216 0
COLOR_KEY_FRAME= 8 0.376471 0.513726 0.839216 1
COLOR_KEY_FRAME= 19 0.376471 0.513726 0.839216 1
COLOR_KEY_FRAME= 21 0.376471 0.513726 0.839216 0
TEXSCALE= 4
DIRECTION= 0
SPEED= 0
BLEND= 4
USEZONEWIND= FALSE
USESKYCOLOR= FALSE
ALPHATEST= TRUE
ALPHAREF= 0
ROTATION= 0
<ENDLAYER>
<BEGINLAYER>
TEXTURE= 1220001
DOME= 1220000
COLOR_KEY_FRAME= 0 0.92549 0.415686 0.0745098 0.8
TEXSCALE= 6
DIRECTION= 0
SPEED= 5
BLEND= 4
USEZONEWIND= FALSE
USESKYCOLOR= FALSE
ALPHATEST= TRUE
ALPHAREF= 0
ROTATION= 0
<ENDLAYER>
<BEGINLAYER>
TEXTURE= 1220001
DOME= 1220000
COLOR_KEY_FRAME= 0 0.262745 0.419608 0.329412 0.698039
TEXSCALE= 4
DIRECTION= 1
SPEED= 2
BLEND= 4
USEZONEWIND= FALSE
USESKYCOLOR= FALSE
ALPHATEST= TRUE
ALPHAREF= 0
ROTATION= 100
<ENDLAYER>
SUNMOONLAYER= 1
<ENDSKY>
FOGCOLOR= 0.5 0.5 0.5
FOGDENSITY= 0.0015
FARPLANE= 1000
KEY= 0 0.180392 0.184314 0.352941  0.243137 0.243137 0.243137  0.129412 0.172549 0.227451  0.133333 0.337255 0.643137  0 0 0  700 900
KEY= 6 0.792157 0.545098 0.384314  0.741176 0.466667 0.282353  0.411765 0.337255 0.560784  0.101961 0.105882 0.192157  0.2 0.290196 0.254902  400 600
KEY= 7 0.792157 0.545098 0.384314  0.741176 0.466667 0.282353  0.411765 0.337255 0.560784  0.101961 0.105882 0.192157  0.905882 0.572549 0.345098  400 600
KEY= 10 0.792157 0.545098 0.384314  0.741176 0.466667 0.282353  0.411765 0.337255 0.560784  0.101961 0.105882 0.192157  0.396078 0.494118 0.447059  400 600
KEY= 12 1 1 1  0.823529 0.823529 0.823529  0 0 0  0 0 0  0.439216 0.521569 0.847059  500 700
KEY= 19 0.827451 0.752941 0.494118  0.717647 0.478431 0.215686  0.286275 0.309804 0.505882  0.290196 0.309804 0.501961  0.803922 0.517647 0.196078  500 700
<ENDENVIRONMENT>



<ENVIRONMENT_STATE_END>
