<WEATHER_STATE_BEGIN>
WEATHER_STATE_ID= "Chaos Ash"
<BEGIN_WEATHER>
	WEATHER_ID= "STANDARDWIND"
	WEATHER_TYPE= SNOW
	TEXTURE_ID= 1952
	SOUNDTABLE= WEATHER
	DROPLET_TARGET_DENSITY= 1.000000
	DROPLET_ANGLE= 60.000000
	DROPLET_DIR= 3.000000 -1.000000 0.000000
	SIZE_MIN= 40.000000
	SIZE_MAX= 50.000000
	ROTATION_MIN= 180.000000
	ROTATION_MAX= 190.000000
	SPEED= 40.000000
	PARTICLES_PER_SECOND= 50
	COLOR= 0.286275 0.286275 0.286275 1.000000
<END_WEATHER>
<BEGIN_WEATHER>
	WEATHER_ID= "BLACK SNOW"
	WEATHER_TYPE= SNOW
	TEXTURE_ID= 1951
	SOUNDTABLE= WEATHER
	DROPLET_TARGET_DENSITY= 1.000000
	DROPLET_ANGLE= 60.000000
	DROPLET_DIR= 0.000000 -1.000000 0.000000
	SIZE_MIN= 1.000000
	SIZE_MAX= 1.000000
	ROTATION_MIN= 0.000000
	ROTATION_MAX= 0.000000
	SPEED= 40.000000
	PARTICLES_PER_SECOND= 700
	COLOR= 0.239216 0.239216 0.301961 1.000000
<END_WEATHER>
<LIGHTNING_BEGIN>
	COLOR= 0.9255 0.9137 0.6157
	SECONDSBETWEENSTRIKES= 30.0000
<LIGHTNING_END>
<WEATHER_STATE_END>
