<WEATHER_STATE_BEGIN>
WEATHER_STATE_ID= "Heavy Rain"
<BEGIN_WEATHER>
	WEATHER_ID= "STANDARDRAIN"
	WEATHER_TYPE= RAIN
	TEXTURE_ID= 1950
	SOUNDTABLE= WEATHER
	DROPLET_TARGET_DENSITY= 1.000000
	DROPLET_ANGLE= 0.000000
	DROPLET_DIR= 0.400000 -1.000000 0.000000
	SIZE_MIN= 5.000000
	SIZE_MAX= 7.000000
	ROTATION_MIN= 0.000000
	ROTATION_MAX= 0.000000
	SPEED= 80.000000
	PARTICLES_PER_SECOND= 3000
	COLOR= 0.494118 0.501961 0.737255 1.000000
<END_WEATHER>
<BEGIN_WEATHER>
	WEATHER_ID= "MIST"
	WEATHER_TYPE= SNOW
	TEXTURE_ID= 1952
	SOUNDTABLE= WEATHER
	DROPLET_TARGET_DENSITY= 1.000000
	DROPLET_ANGLE= 0.000000
	DROPLET_DIR= 1.000000 -1.000000 0.000000
	SIZE_MIN= 40.000000
	SIZE_MAX= 50.000000
	ROTATION_MIN= 180.000000
	ROTATION_MAX= 270.000000
	SPEED= 40.000000
	PARTICLES_PER_SECOND= 50
	COLOR= 0.384314 0.447059 0.584314 0.000000
<END_WEATHER>
<WEATHER_STATE_END>
