<ENVIRONMENT_STATE_BEGIN>
ENVIRONMENT_STATE_ID= "BaseSky"

<BEGINENVIRONMENT>
SUNTEX= 1
MOONTEX= 2
HALOTEX= 17
WIND= 1
WINDDIRECTION= 20
SUNZENITH= 59.9888
SUNRISE= 6
SUNSET= 21
SINSIZE= 80
MOONZENITH= 30.023
MOONRISE= 19
MOONSET= 8
MOONSIZE= 110
MOONHALOSIZE= 195
<BEGINSKY>
<BEGINLAYER>
TEXTURE= 1220003
DOME= 1220000
COLOR_KEY_FRAME= 12 1 1 1 1
COLOR_KEY_FRAME= 23 0.32549 0.380392 0.556863 1
TEXSCALE= 1
DIRECTION= 0
SPEED= 0
BLEND= 4
USEZONEWIND= TRUE
USESKYCOLOR= FALSE
ALPHATEST= TRUE
ALPHAREF= 0.6
ROTATION= 0
<ENDLAYER>
SUNMOONLAYER= 0
<ENDSKY>
FOGCOLOR= 0.5 0.5 0.5
FOGDENSITY= 0.0015
FARPLANE= 1000
KEY= 12 0.192157 0.341176 0.196078  0.466667 0.576471 0.658824  0.247059 0.247059 0.247059  0.317647 0.317647 0.317647  0.74902 0.815686 0.843137  50 800
KEY= 23 0.113725 0.180392 0.141176  0.0705882 0.113725 0.0745098  0.0901961 0.105882 0.12549  0.180392 0.180392 0.219608  0.180392 0.219608 0.215686  10 500
<ENDENVIRONMENT>

<ENVIRONMENT_STATE_END>
