<WEATHER_STATE_BEGIN>
WEATHER_STATE_ID= "Chaos Blood Rain"
<BEGIN_WEATHER>
	WEATHER_ID= "STANDARDRAIN"
	WEATHER_TYPE= RAIN
	TEXTURE_ID= 1950
	SOUNDTABLE= WEATHER
	DROPLET_TARGET_DENSITY= 1.000000
	DROPLET_ANGLE= 0.000000
	DROPLET_DIR= 0.200000 -1.000000 0.000000
	SIZE_MIN= 3.000000
	SIZE_MAX= 4.000000
	ROTATION_MIN= 0.000000
	ROTATION_MAX= 0.000000
	SPEED= 40.000000
	PARTICLES_PER_SECOND= 2000
	COLOR= 0.949020 0.000000 0.000000 1.000000
<END_WEATHER>
<BEGIN_WEATHER>
	WEATHER_ID= "BLACK RAIN"
	WEATHER_TYPE= RAIN
	TEXTURE_ID= 1950
	SOUNDTABLE= WEATHER
	DROPLET_TARGET_DENSITY= 1.000000
	DROPLET_ANGLE= 0.000000
	DROPLET_DIR= 0.100000 -1.000000 0.000000
	SIZE_MIN= 5.000000
	SIZE_MAX= 6.000000
	ROTATION_MIN= 0.000000
	ROTATION_MAX= 0.000000
	SPEED= 90.000000
	PARTICLES_PER_SECOND= 500
	COLOR= 0.156863 0.184314 0.109804 1.000000
<END_WEATHER>
<LIGHTNING_BEGIN>
	COLOR= 0.9373 0.9176 0.5294
	SECONDSBETWEENSTRIKES= 30.0000
<LIGHTNING_END>
<WEATHER_STATE_END>
