<ENVIRONMENT_STATE_BEGIN>
ENVIRONMENT_STATE_ID= "ChaosSky"

<BEGINENVIRONMENT>
SUNTEX= 1
MOONTEX= 2
HALOTEX= 16
WIND= 1
WINDDIRECTION= 0
SUNZENITH= 59.9888
SUNRISE= 6
SUNSET= 20
SINSIZE= 80
MOONZENITH= 30.023
MOONRISE= 18
MOONSET= 8
MOONSIZE= 110
MOONHALOSIZE= 200
<BEGINSKY>
<BEGINLAYER>
TEXTURE= 1220009
DOME= 1220000
COLOR_KEY_FRAME= 0 1 1 1 1
TEXSCALE= 13
DIRECTION= 0
SPEED= 0
BLEND= 0
USEZONEWIND= FALSE
USESKYCOLOR= FALSE
ALPHATEST= TRUE
ALPHAREF= 0.1
ROTATION= 0
<ENDLAYER>
<BEGINLAYER>
TEXTURE= 1220006
DOME= 1220000
COLOR_KEY_FRAME= 0 0.917647 0.270588 0.0823529 1
TEXSCALE= 4
DIRECTION= 0
SPEED= 0
BLEND= 4
USEZONEWIND= FALSE
USESKYCOLOR= FALSE
ALPHATEST= TRUE
ALPHAREF= 0
ROTATION= 0
<ENDLAYER>
<BEGINLAYER>
TEXTURE= 1220002
DOME= 1220000
COLOR_KEY_FRAME= 0 0.145098 0.345098 0.352941 1
TEXSCALE= 6
DIRECTION= 1
SPEED= 8
BLEND= 4
USEZONEWIND= FALSE
USESKYCOLOR= TRUE
ALPHATEST= TRUE
ALPHAREF= 0
ROTATION= 100
<ENDLAYER>
<BEGINLAYER>
TEXTURE= 1220000
DOME= 1220000
COLOR_KEY_FRAME= 0 0.74902 0.25098 0.25098 0.698039
COLOR_KEY_FRAME= 12 0.772549 0.615686 0.478431 0.6
TEXSCALE= 8
DIRECTION= 3
SPEED= 2
BLEND= 4
USEZONEWIND= FALSE
USESKYCOLOR= FALSE
ALPHATEST= TRUE
ALPHAREF= 0
ROTATION= 0
<ENDLAYER>
<BEGINLAYER>
TEXTURE= 1220001
DOME= 1220000
COLOR_KEY_FRAME= 0 0.92549 0.415686 0.0745098 0.8
TEXSCALE= 3
DIRECTION= 0
SPEED= 7
BLEND= 4
USEZONEWIND= FALSE
USESKYCOLOR= TRUE
ALPHATEST= TRUE
ALPHAREF= 0
ROTATION= 0
<ENDLAYER>
SUNMOONLAYER= 1
<ENDSKY>
FOGCOLOR= 0.5 0.5 0.5
FOGDENSITY= 0.0015
FARPLANE= 1000
KEY= 0 0.180392 0.184314 0.352941  0.243137 0.243137 0.243137  0.239216 0.145098 0.121569  0.635294 0.156863 0.133333  0 0 0  700 900
KEY= 6 0.85098 0.443137 0.32549  0.8 0.407843 0.215686  0.568627 0.388235 0.32549  0.2 0.156863 0.0901961  0.313726 0.247059 0.180392  400 600
KEY= 12 1 1 1  0.823529 0.823529 0.823529  0 0 0  0 0 0  0.623529 0.607843 0.376471  500 700
KEY= 19 0.827451 0.752941 0.494118  0.717647 0.478431 0.215686  0.286275 0.309804 0.505882  0.290196 0.309804 0.501961  0.462745 0.45098 0.305882  500 700
<ENDENVIRONMENT>



<ENVIRONMENT_STATE_END>
