<ENVIRONMENT_STATE_BEGIN>
ENVIRONMENT_STATE_ID= "Dead"

<BEGINENVIRONMENT>
SUNTEX= 1
MOONTEX= 2
HALOTEX= 16
WIND= 1
WINDDIRECTION= 0
SUNZENITH= 59.9888
SUNRISE= 6
SUNSET= 20
SINSIZE= 80
MOONZENITH= 30.023
MOONRISE= 18
MOONSET= 8
MOONSIZE= 70
MOONHALOSIZE= 200
<BEGINSKY>
<BEGINLAYER>
TEXTURE= 1220006
DOME= 1220000
COLOR_KEY_FRAME= 0 0.239216 0.294118 0.313726 1
TEXSCALE= 13
DIRECTION= 0
SPEED= 0
BLEND= 0
USEZONEWIND= FALSE
USESKYCOLOR= FALSE
ALPHATEST= TRUE
ALPHAREF= 0.1
ROTATION= 0
<ENDLAYER>
<BEGINLAYER>
TEXTURE= 1220000
DOME= 1220000
COLOR_KEY_FRAME= 0 0.501961 1 1 1
TEXSCALE= 6
DIRECTION= 1
SPEED= 1
BLEND= 4
USEZONEWIND= FALSE
USESKYCOLOR= TRUE
ALPHATEST= TRUE
ALPHAREF= 0
ROTATION= 100
<ENDLAYER>
<BEGINLAYER>
TEXTURE= 1220002
DOME= 1220000
COLOR_KEY_FRAME= 0 0.341176 0.423529 0.466667 1
TEXSCALE= 8
DIRECTION= 1
SPEED= 4
BLEND= 4
USEZONEWIND= FALSE
USESKYCOLOR= FALSE
ALPHATEST= TRUE
ALPHAREF= 0
ROTATION= 0
<ENDLAYER>
SUNMOONLAYER= 1
<ENDSKY>
FOGCOLOR= 0.5 0.5 0.5
FOGDENSITY= 0.0015
FARPLANE= 1000
KEY= 12 0.894118 0.890196 0.827451  0.141176 0.141176 0.141176  0.592157 0.713726 0.807843  0 0 0  0.211765 0.258824 0.262745  0 500
KEY= 20 0.278431 0.54902 0.847059  0 0 0  0.839216 0.815686 0.729412  0.145098 0.145098 0.137255  0.0666667 0.0901961 0.0901961  1 400
KEY= 23 0.509804 0.6 0.815686  0 0 0  0.870588 0.862745 0.827451  0.117647 0.117647 0.117647  0.121569 0.121569 0.113725  1 500
<ENDENVIRONMENT>

<ENVIRONMENT_STATE_END>