<ENVIRONMENT_STATE_BEGIN>
ENVIRONMENT_STATE_ID= "NorthlandsSky"

<BEGINENVIRONMENT>
SUNTEX= 1
MOONTEX= 2
HALOTEX= 17
WIND= 1
WINDDIRECTION= 20
SUNZENITH= 59.9888
SUNRISE= 6
SUNSET= 21
SINSIZE= 80
MOONZENITH= 30.023
MOONRISE= 19
MOONSET= 8
MOONSIZE= 110
MOONHALOSIZE= 195
<BEGINSKY>
<BEGINLAYER>
TEXTURE= 1220003
DOME= 1220000
COLOR_KEY_FRAME= 12 0.807843 1 1 1
TEXSCALE= 1
DIRECTION= 0
SPEED= 0
BLEND= 4
USEZONEWIND= TRUE
USESKYCOLOR= FALSE
ALPHATEST= TRUE
ALPHAREF= 0.6
ROTATION= 0
<ENDLAYER>
SUNMOONLAYER= 0
<ENDSKY>
FOGCOLOR= 0.5 0.5 0.5
FOGDENSITY= 0.0015
FARPLANE= 1000
KEY= 3 0.180392 0.160784 0.137255  0.196078 0.203922 0.227451  0.160784 0.184314 0.203922  0.211765 0.211765 0.278431  0.203922 0.219608 0.262745  10 800
KEY= 6 0.592157 0.572549 0.435294  0.470588 0.486275 0.654902  0.25098 0.270588 0.290196  0.203922 0.219608 0.270588  0.831373 0.784314 0.756863  10 800
KEY= 12 0.592157 0.572549 0.435294  0.470588 0.486275 0.654902  0.247059 0.247059 0.247059  0.317647 0.317647 0.317647  0.835294 0.788235 0.756863  10 800
KEY= 23 0.172549 0.160784 0.121569  0.470588 0.486275 0.654902  0.227451 0.258824 0.305882  0.180392 0.180392 0.219608  0.180392 0.211765 0.294118  10 800
<ENDENVIRONMENT>




<ENVIRONMENT_STATE_BEGIN>

