<ENVIRONMENT_STATE_BEGIN>
ENVIRONMENT_STATE_ID= "Storm02"

<BEGINENVIRONMENT>
SUNTEX= 1
MOONTEX= 2
HALOTEX= 16
WIND= 1
WINDDIRECTION= 0
SUNZENITH= 59.9888
SUNRISE= 6
SUNSET= 20
SINSIZE= 80
MOONZENITH= 30.023
MOONRISE= 18
MOONSET= 8
MOONSIZE= 110
MOONHALOSIZE= 200
<BEGINSKY>
<BEGINLAYER>
TEXTURE= 1220009
DOME= 1220000
COLOR_KEY_FRAME= 0 1 1 1 1
TEXSCALE= 13
DIRECTION= 0
SPEED= 0
BLEND= 0
USEZONEWIND= FALSE
USESKYCOLOR= FALSE
ALPHATEST= TRUE
ALPHAREF= 0.1
ROTATION= 0
<ENDLAYER>
<BEGINLAYER>
TEXTURE= 1220006
DOME= 1220000
COLOR_KEY_FRAME= 0 0.501961 0.501961 0.501961 1
TEXSCALE= 4
DIRECTION= 0
SPEED= 0
BLEND= 4
USEZONEWIND= FALSE
USESKYCOLOR= FALSE
ALPHATEST= TRUE
ALPHAREF= 0
ROTATION= 0
<ENDLAYER>
<BEGINLAYER>
TEXTURE= 1220005
DOME= 1220000
COLOR_KEY_FRAME= 0 0 0 0 0.6
TEXSCALE= 10
DIRECTION= 1
SPEED= 8
BLEND= 4
USEZONEWIND= FALSE
USESKYCOLOR= TRUE
ALPHATEST= FALSE
ALPHAREF= 0.9
ROTATION= 0
<ENDLAYER>
<BEGINLAYER>
TEXTURE= 1220004
DOME= 1220000
COLOR_KEY_FRAME= 0 0.231373 0.231373 0.231373 0.698039
TEXSCALE= 10
DIRECTION= 1.5
SPEED= 5
BLEND= 4
USEZONEWIND= FALSE
USESKYCOLOR= FALSE
ALPHATEST= TRUE
ALPHAREF= 0
ROTATION= 10
<ENDLAYER>
<BEGINLAYER>
TEXTURE= 1220004
DOME= 1220000
COLOR_KEY_FRAME= 0 0 0 0 0.6
TEXSCALE= 7
DIRECTION= 1
SPEED= 5
BLEND= 4
USEZONEWIND= FALSE
USESKYCOLOR= FALSE
ALPHATEST= TRUE
ALPHAREF= 0
ROTATION= 0
<ENDLAYER>
SUNMOONLAYER= 0
<ENDSKY>
FOGCOLOR= 0.5 0.5 0.5
FOGDENSITY= 0.0015
FARPLANE= 1000
KEY= 0 0.180392 0.184314 0.352941  0.243137 0.243137 0.243137  0.109804 0.117647 0.133333  0.180392 0.215686 0.321569  0 0 0  500 700
KEY= 6 0.792157 0.545098 0.384314  0.741176 0.466667 0.282353  0.223529 0.203922 0.262745  0.12549 0.12549 0.168627  0.137255 0.141176 0.172549  500 700
KEY= 7 0.454902 0.313726 0.227451  0.470588 0.32549 0.227451  0.286275 0.254902 0.352941  0.121569 0.113725 0.180392  0.192157 0.168627 0.133333  500 700
KEY= 10 0.403922 0.301961 0.254902  0.443137 0.341176 0.290196  0.282353 0.254902 0.337255  0.117647 0.121569 0.176471  0.0941177 0.101961 0.113725  500 700
KEY= 12 0.545098 0.545098 0.545098  0.560784 0.560784 0.560784  0 0 0  0 0 0  0.0901961 0.0941177 0.117647  500 700
KEY= 19 0.45098 0.392157 0.309804  0.34902 0.286275 0.235294  0.211765 0.219608 0.294118  0.203922 0.211765 0.286275  0.133333 0.129412 0.109804  500 700
<ENDENVIRONMENT>

<ENVIRONMENT_STATE_END>
