<ENVIRONMENT_STATE_BEGIN>
ENVIRONMENT_STATE_ID= "WastelandSky"

<BEGINENVIRONMENT>
SUNTEX= 1
MOONTEX= 2
HALOTEX= 16
WIND= 1
WINDDIRECTION= 0
SUNZENITH= 59.9888
SUNRISE= 6
SUNSET= 20
SINSIZE= 80
MOONZENITH= 30.023
MOONRISE= 18
MOONSET= 8
MOONSIZE= 110
MOONHALOSIZE= 200
<BEGINSKY>
<BEGINLAYER>
TEXTURE= 1220009
DOME= 1220000
COLOR_KEY_FRAME= 0 1 1 1 1
TEXSCALE= 13
DIRECTION= 0
SPEED= 0
BLEND= 0
USEZONEWIND= FALSE
USESKYCOLOR= FALSE
ALPHATEST= TRUE
ALPHAREF= 0.1
ROTATION= 0
<ENDLAYER>
<BEGINLAYER>
TEXTURE= 1220006
DOME= 1220000
COLOR_KEY_FRAME= 0 0 0 0 0
COLOR_KEY_FRAME= 8 0 0 0 1
COLOR_KEY_FRAME= 12 0 0 0 1
COLOR_KEY_FRAME= 16 0 0 0 1
TEXSCALE= 4
DIRECTION= 0
SPEED= 0
BLEND= 4
USEZONEWIND= FALSE
USESKYCOLOR= FALSE
ALPHATEST= TRUE
ALPHAREF= 0
ROTATION= 0
<ENDLAYER>
<BEGINLAYER>
TEXTURE= 1220004
DOME= 1220000
COLOR_KEY_FRAME= 0 0.137255 0.192157 0.133333 0.698039
TEXSCALE= 5
DIRECTION= 2
SPEED= 2
BLEND= 4
USEZONEWIND= FALSE
USESKYCOLOR= FALSE
ALPHATEST= TRUE
ALPHAREF= 0
ROTATION= 0
<ENDLAYER>
<BEGINLAYER>
TEXTURE= 1220004
DOME= 1220000
COLOR_KEY_FRAME= 0 0.282353 0.282353 0.282353 0.8
TEXSCALE= 5
DIRECTION= 1.1
SPEED= 3
BLEND= 4
USEZONEWIND= FALSE
USESKYCOLOR= FALSE
ALPHATEST= TRUE
ALPHAREF= 0
ROTATION= 10
<ENDLAYER>
SUNMOONLAYER= 1
<ENDSKY>
FOGCOLOR= 0.5 0.5 0.5
FOGDENSITY= 0.0015
FARPLANE= 1000
KEY= 0 0.180392 0.184314 0.352941  0.243137 0.243137 0.243137  0.101961 0.109804 0.133333  0.219608 0.301961 0.419608  0.14902 0.176471 0.160784  500 700
KEY= 6 0.552941 0.439216 0.388235  0.611765 0.466667 0.403922  0.294118 0.258824 0.356863  0.0941177 0.0941177 0.145098  0.215686 0.25098 0.243137  500 700
KEY= 7 0.666667 0.556863 0.509804  0.611765 0.466667 0.396078  0.411765 0.337255 0.560784  0.101961 0.105882 0.192157  0.388235 0.333333 0.270588  500 700
KEY= 10 0.670588 0.552941 0.494118  0.611765 0.45098 0.403922  0.411765 0.337255 0.560784  0.101961 0.105882 0.192157  0.294118 0.301961 0.235294  500 700
KEY= 12 1 1 1  0.823529 0.823529 0.823529  0 0 0  0 0 0  0.356863 0.360784 0.227451  500 700
KEY= 19 0.768628 0.682353 0.556863  0.619608 0.486275 0.305882  0.286275 0.309804 0.505882  0.290196 0.309804 0.501961  0.258824 0.266667 0.168627  500 700
<ENDENVIRONMENT>



<ENVIRONMENT_STATE_END>

